100.0
50.0
25.0
12.5
6.25
3.125
1.5625
0.78125
0.390625
0.1953125
0.09765625
0.048828125
0.0244140625
0.01220703125
0.006103515625
0.0030517578125
0.00152587890625
7.62939453125E-4
3.814697265625E-4
1.9073486328125E-4
9.5367431640625E-5
4.76837158203125E-5
2.384185791015625E-5
1.1920928955078125E-5
5.9604644775390625E-6
2.9802322387695312E-6
1.4901161193847656E-6
7.450580596923828E-7
3.725290298461914E-7
1.862645149230957E-7
9.313225746154785E-8
4.6566128730773926E-8
2.3283064365386963E-8
1.1641532182693481E-8
5.820766091346741E-9
2.9103830456733704E-9
1.4551915228366852E-9
7.275957614183426E-10
3.637978807091713E-10
1.8189894035458565E-10
9.094947017729282E-11
4.547473508864641E-11
2.2737367544323206E-11
1.1368683772161603E-11
5.6843418860808015E-12
2.8421709430404007E-12
1.4210854715202004E-12
7.105427357601002E-13
3.552713678800501E-13
1.7763568394002505E-13
8.881784197001252E-14
4.440892098500626E-14
2.220446049250313E-14
1.1102230246251565E-14
5.551115123125783E-15
2.7755575615628914E-15
1.3877787807814457E-15
6.938893903907228E-16
3.469446951953614E-16
1.734723475976807E-16
8.673617379884035E-17
4.336808689942018E-17
2.168404344971009E-17
1.0842021724855044E-17
5.421010862427522E-18
2.710505431213761E-18
1.3552527156068805E-18
6.776263578034403E-19
3.3881317890172014E-19
1.6940658945086007E-19
8.470329472543003E-20
4.2351647362715017E-20
2.1175823681357508E-20
1.0587911840678754E-20
5.293955920339377E-21
2.6469779601696886E-21
1.3234889800848443E-21
6.617444900424221E-22
3.3087224502121107E-22
1.6543612251060553E-22
8.271806125530277E-23
4.1359030627651384E-23
2.0679515313825692E-23
1.0339757656912846E-23
5.169878828456423E-24
2.5849394142282115E-24
1.2924697071141057E-24
6.462348535570529E-25
3.2311742677852644E-25
1.6155871338926322E-25
8.077935669463161E-26
4.0389678347315804E-26
2.0194839173657902E-26
1.0097419586828951E-26
5.0487097934144756E-27
2.5243548967072378E-27
1.2621774483536189E-27
6.310887241768094E-28
3.155443620884047E-28
1.5777218104420236E-28
7.888609052210118E-29
3.944304526105059E-29
1.9721522630525295E-29
9.860761315262648E-30
4.930380657631324E-30
2.465190328815662E-30
1.232595164407831E-30
6.162975822039155E-31
3.0814879110195774E-31
1.5407439555097887E-31
7.703719777548943E-32
3.8518598887744717E-32
1.9259299443872359E-32
9.629649721936179E-33
4.8148248609680896E-33
2.4074124304840448E-33
1.2037062152420224E-33
6.018531076210112E-34
3.009265538105056E-34
1.504632769052528E-34
7.52316384526264E-35
3.76158192263132E-35
1.88079096131566E-35
9.4039548065783E-36
4.70197740328915E-36
2.350988701644575E-36
1.1754943508222875E-36
5.8774717541114375E-37
2.9387358770557188E-37
1.4693679385278594E-37
7.346839692639297E-38
3.6734198463196485E-38
1.8367099231598242E-38
9.183549615799121E-39
4.5917748078995606E-39
2.2958874039497803E-39
1.1479437019748901E-39
5.739718509874451E-40
2.8698592549372254E-40
1.4349296274686127E-40
7.174648137343063E-41
3.5873240686715317E-41
1.7936620343357659E-41